#system parameters
N=1000
L = 10.
m = 0.01
v0 = 10.
Dr = 20.
seed = 133456789

#magnetic field parameters
BType = sineY
B = 10.
w = 0.6283185307179586.

#integration parameter
Nt_init = 100
Nt = 10000
sample_freq = 10
print_freq = 100000
dt = 0.00001
