#system parameters
N=10
L = 10.
m = 0.002
v0 = 10.
Dr = 20.
seed = 113456789

#magnetic field parameters
BType = sineY
B = 4.
w = 0.6283185307179586

#integration parameter
Nt_init = 300
Nt = 15000
sample_freq = 1
print_freq = 100
t_unit = 10000;
dt = 0.0000005
bs = .5
